     0/299    0.696G    0.0702   0.02227   0.04234    0.1348        73       640    0.1912    0.4446    0.1894   0.07682    0.0541   0.01533   0.03821
     1/299     4.59G   0.05308   0.01894   0.02568    0.0977        68       640    0.1677    0.4851    0.1863   0.07739    0.0523   0.01469   0.04259
     2/299     5.06G   0.04959   0.01766   0.02061   0.08785        77       640    0.2162    0.4275    0.1936   0.09529   0.05173   0.01916   0.05727
     3/299     5.06G   0.04757   0.01763   0.01945   0.08465        74       640     0.243    0.4371    0.2303    0.1185   0.04749   0.01669   0.05638
     4/299     5.06G   0.04663   0.01779    0.0189   0.08332        74       640    0.3173    0.4318    0.2713    0.1456   0.04614   0.01598   0.03933
     5/299     5.06G    0.0458   0.01758   0.01833   0.08171        81       640    0.3733    0.5085    0.3495    0.1863   0.04177   0.01481   0.02412
     6/299     5.06G   0.04541    0.0176   0.01775   0.08077        76       640    0.3624    0.5203    0.3479    0.1949   0.04157   0.01505   0.02641
     7/299     5.06G   0.04452   0.01747     0.017   0.07899        65       640     0.404    0.5606    0.4053    0.2303   0.04049   0.01448    0.0221
     8/299     5.06G   0.04442   0.01743   0.01671   0.07855        74       640    0.4319    0.5271    0.4131    0.2389   0.03979   0.01432   0.01893
     9/299     5.06G   0.04443   0.01733   0.01633    0.0781        74       640      0.46    0.5847    0.4562    0.2671   0.03884   0.01384   0.01611
    10/299     5.06G   0.04387   0.01733   0.01582   0.07703        78       640    0.4574    0.5783    0.4572    0.2697   0.03855   0.01385     0.016
    11/299     5.06G   0.04367   0.01736   0.01513   0.07615        76       640    0.4625    0.5899     0.465    0.2774   0.03822   0.01383   0.01505
    12/299     5.06G    0.0432   0.01722   0.01515   0.07558        74       640    0.4919    0.5835    0.4832    0.2902   0.03774   0.01366    0.0142
    13/299     5.06G   0.04304   0.01712   0.01523   0.07539        96       640    0.4744    0.6138     0.488    0.2915   0.03742   0.01361   0.01427
    14/299     5.06G    0.0431   0.01714   0.01457   0.07482        69       640    0.5268    0.5791    0.4976     0.301   0.03724   0.01352   0.01353
    15/299     5.06G   0.04267    0.0171   0.01446   0.07423        79       640    0.5195      0.59    0.5024    0.3071   0.03694   0.01338   0.01275
    16/299     5.06G   0.04264   0.01715   0.01418   0.07397        77       640    0.4788    0.6492    0.5136    0.3135    0.0368   0.01332   0.01246
    17/299     5.06G    0.0427   0.01726    0.0143   0.07426        71       640     0.518    0.6149    0.5173    0.3161   0.03648    0.0132   0.01234
    18/299     5.06G   0.04265    0.0171    0.0141   0.07386        76       640    0.5221    0.6054    0.5198    0.3207   0.03639   0.01311   0.01214
    19/299     5.06G   0.04265   0.01712   0.01396   0.07374        76       640    0.4959    0.6462    0.5247    0.3224   0.03625   0.01302   0.01203
    20/299     5.06G   0.04233    0.0172   0.01349   0.07301        73       640    0.5173    0.6237    0.5256    0.3257   0.03607     0.013   0.01212
    21/299     5.06G   0.04212    0.0169   0.01316   0.07219        77       640    0.5207    0.6311    0.5279    0.3272   0.03595   0.01297   0.01214
    22/299     5.06G   0.04214   0.01712   0.01314   0.07241        89       640    0.5365    0.6151    0.5308    0.3296   0.03585   0.01293   0.01209
    23/299     5.06G   0.04213   0.01713   0.01308   0.07235        84       640    0.5407    0.6083    0.5316    0.3308   0.03579   0.01293   0.01203
    24/299     5.06G   0.04194   0.01709   0.01326   0.07229        76       640    0.5464    0.6035    0.5342    0.3323   0.03576   0.01293   0.01214
    25/299     5.06G   0.04201   0.01697   0.01291   0.07189        66       640    0.5438    0.6104    0.5345    0.3328   0.03569   0.01293   0.01229
    26/299     5.06G   0.04177   0.01706   0.01286   0.07169        74       640    0.5363    0.6168    0.5357    0.3345   0.03564   0.01292   0.01232
    27/299     5.06G   0.04179   0.01702   0.01264   0.07146        87       640     0.531    0.6261    0.5378    0.3362   0.03557    0.0129   0.01231
    28/299     5.06G   0.04181   0.01704   0.01264   0.07149        70       640     0.554    0.6049    0.5382     0.337   0.03552   0.01289   0.01231
    29/299     5.06G   0.04177   0.01703   0.01259   0.07139        74       640    0.5434    0.6197    0.5397     0.338   0.03547   0.01287   0.01224
    30/299     5.06G   0.04152   0.01698   0.01213   0.07064        84       640    0.5385    0.6232      0.54    0.3388   0.03544   0.01287   0.01218
    31/299     5.06G   0.04128   0.01691   0.01256   0.07074        79       640    0.5327    0.6278    0.5405    0.3392   0.03541   0.01286   0.01215
    32/299     5.06G   0.04154   0.01699   0.01212   0.07066        80       640    0.5387    0.6242     0.541    0.3401   0.03538   0.01285   0.01212
    33/299     5.06G   0.04142    0.0171   0.01213   0.07065        93       640    0.5367    0.6264    0.5411    0.3408   0.03534   0.01285   0.01215
    34/299     5.06G   0.04138   0.01706   0.01193   0.07036        74       640    0.5305    0.6352    0.5418     0.341   0.03532   0.01285   0.01213
    35/299     5.06G   0.04136   0.01693   0.01205   0.07033        78       640    0.5385     0.627    0.5422    0.3412   0.03529   0.01284   0.01211
    36/299     5.06G   0.04113   0.01696   0.01175   0.06984        75       640    0.5268    0.6406    0.5428    0.3417   0.03528   0.01284    0.0121
    37/299     5.06G   0.04108   0.01691   0.01144   0.06942        75       640    0.5299    0.6377    0.5432    0.3422   0.03526   0.01284   0.01208
    38/299     5.06G   0.04126   0.01705   0.01188   0.07018        74       640    0.5291     0.639    0.5438    0.3427   0.03524   0.01283   0.01207
    39/299     5.06G   0.04112   0.01702   0.01176    0.0699        76       640    0.5425    0.6276    0.5443     0.343   0.03522   0.01283   0.01208
    40/299     5.06G   0.04099   0.01696   0.01139   0.06933        74       640    0.5421    0.6286     0.545    0.3431   0.03521   0.01283   0.01206
    41/299     5.06G   0.04085   0.01684   0.01165   0.06934        75       640    0.5434    0.6267    0.5453    0.3438    0.0352   0.01282   0.01202
    42/299     5.06G   0.04109    0.0169   0.01134   0.06933        77       640    0.5431    0.6262     0.546    0.3444   0.03517   0.01282   0.01199
    43/299     5.06G   0.04071   0.01691    0.0109   0.06852        76       640    0.5443    0.6265    0.5468    0.3448   0.03515   0.01281   0.01197
    44/299     5.06G   0.04097   0.01698   0.01152   0.06947        77       640    0.5417      0.63    0.5468    0.3453   0.03514   0.01281   0.01197
    45/299     5.06G   0.04084   0.01695   0.01115   0.06893        72       640    0.5294    0.6445    0.5469    0.3455   0.03514   0.01281   0.01199
    46/299     5.06G   0.04068   0.01669    0.0108   0.06817        76       640    0.5393    0.6355    0.5477    0.3459   0.03513    0.0128   0.01199
    47/299     5.06G   0.04096     0.017   0.01089   0.06885        70       640    0.5435    0.6331    0.5485    0.3466   0.03511    0.0128   0.01199
    48/299     5.06G   0.04046    0.0168   0.01058   0.06784        72       640    0.5488    0.6294    0.5488    0.3469    0.0351   0.01279   0.01198
    49/299     5.06G   0.04058   0.01671   0.01048   0.06777        86       640    0.5496    0.6311    0.5493    0.3475   0.03508   0.01279   0.01196
    50/299     5.06G   0.04046   0.01682   0.01056   0.06784       120       640    0.5494    0.6296    0.5496    0.3479   0.03507   0.01279   0.01198
    51/299     5.06G   0.04061   0.01685   0.01077   0.06824        69       640    0.5542    0.6248    0.5507    0.3488   0.03506   0.01278   0.01198
    52/299     5.06G   0.04046   0.01678   0.01067    0.0679        80       640    0.5519    0.6275    0.5511    0.3484   0.03506   0.01278   0.01196
    53/299     5.06G   0.04033   0.01691    0.0106   0.06783        86       640    0.5523    0.6264     0.551    0.3486   0.03505   0.01278   0.01194
    54/299     5.06G   0.04045   0.01666   0.01026   0.06737        73       640    0.5228    0.6582     0.551     0.349   0.03504   0.01278   0.01194
    55/299     5.06G   0.04133   0.01697   0.01182   0.07012        68       640    0.5218    0.6619    0.5515    0.3493   0.03503   0.01277   0.01191
    56/299     5.06G   0.04095   0.01694   0.01128   0.06918        80       640    0.5291    0.6559    0.5521    0.3498   0.03502   0.01277   0.01189
    57/299     5.06G   0.04027   0.01671   0.01041   0.06738        82       640    0.5267    0.6572    0.5519    0.3493   0.03501   0.01277   0.01189
    58/299     5.06G   0.04034   0.01671    0.0101   0.06715        72       640    0.5515      0.63    0.5522    0.3494     0.035   0.01277   0.01187
    59/299     5.06G   0.04012    0.0168  0.009979   0.06689        67       640    0.5491    0.6333    0.5517    0.3489     0.035   0.01277   0.01186
    60/299     5.06G   0.04023   0.01677  0.009948   0.06696        72       640    0.5501    0.6333    0.5524    0.3497     0.035   0.01277   0.01187
    61/299     5.06G   0.04016   0.01662   0.01005   0.06682        85       640    0.5489    0.6349    0.5525    0.3492   0.03501   0.01277   0.01188
    62/299     5.06G   0.04032   0.01675   0.01007   0.06714        77       640    0.5531    0.6315    0.5523    0.3492   0.03503   0.01277   0.01191
    63/299     5.06G   0.04025    0.0168   0.01005    0.0671        88       640    0.5592    0.6263    0.5524    0.3493   0.03502   0.01277   0.01193
    64/299     5.06G   0.03999   0.01676   0.00984   0.06659        75       640    0.5605    0.6261     0.552    0.3498   0.03502   0.01278   0.01193
    65/299     5.06G   0.04018   0.01684   0.01008    0.0671        67       640    0.5393    0.6475    0.5527    0.3504   0.03502   0.01278   0.01194
    66/299     5.06G   0.04007   0.01678  0.009929   0.06677        92       640    0.5402    0.6467    0.5535    0.3509   0.03502   0.01278   0.01195
    67/299     5.06G   0.03992   0.01671  0.009888   0.06651        77       640    0.5412    0.6483    0.5536    0.3512   0.03502   0.01278   0.01196
    68/299     5.06G   0.03994   0.01666   0.00948   0.06608        68       640    0.5349    0.6537     0.554    0.3511   0.03501   0.01278   0.01197
    69/299     5.06G   0.03959   0.01671  0.009862   0.06617        86       640    0.5315    0.6582    0.5545    0.3515   0.03501   0.01278   0.01198
    70/299     5.06G   0.03951    0.0166  0.009575   0.06569        69       640    0.5294    0.6627    0.5548    0.3519   0.03501   0.01279   0.01199
    71/299     5.06G   0.03974   0.01666  0.009709   0.06611        87       640    0.5313    0.6578    0.5546    0.3515   0.03499   0.01279   0.01201
    72/299     5.06G   0.03975   0.01651   0.00949   0.06575        71       640    0.5297      0.66    0.5546    0.3514   0.03497   0.01279   0.01202
    73/299     5.06G   0.03989   0.01663  0.009879    0.0664        93       640    0.5333    0.6559    0.5544    0.3517   0.03497   0.01278   0.01204
    74/299     5.06G   0.04032   0.01669  0.009924   0.06693        76       640    0.5383    0.6526    0.5548    0.3514   0.03495   0.01278   0.01206
    75/299     5.06G   0.04017   0.01677  0.009685   0.06663        73       640    0.5393    0.6513    0.5554    0.3523   0.03495   0.01278   0.01207
    76/299     5.06G   0.03959   0.01661  0.009217   0.06542        85       640    0.5433    0.6467    0.5553    0.3528   0.03494   0.01278   0.01209
    77/299     5.06G   0.03972   0.01665  0.009489   0.06585        70       640     0.547    0.6437    0.5557    0.3526   0.03494   0.01278   0.01209
    78/299     5.06G   0.03943   0.01661  0.009252   0.06529        77       640    0.5436    0.6464    0.5558    0.3528   0.03493   0.01278   0.01211
    79/299     5.06G   0.03967   0.01658  0.009177   0.06542        77       640    0.5393    0.6513     0.556    0.3526   0.03493   0.01279   0.01212
    80/299     5.06G   0.03939   0.01657  0.009184   0.06514        71       640    0.5409    0.6505    0.5556    0.3522   0.03493   0.01279   0.01213
    81/299     5.06G   0.03942   0.01653  0.008946   0.06489        96       640     0.548    0.6415    0.5558    0.3525   0.03492   0.01279   0.01215
    82/299     5.06G   0.03929   0.01657  0.008992   0.06485        72       640    0.5403    0.6502    0.5557    0.3525   0.03492   0.01279   0.01219
    83/299     5.06G   0.03971   0.01656  0.009581   0.06586        77       640    0.5377     0.652    0.5555    0.3527   0.03491    0.0128    0.0122
    84/299     5.06G   0.03954   0.01658  0.009245   0.06537        77       640    0.5319    0.6605     0.556    0.3529   0.03491   0.01279   0.01219
    85/299     5.06G   0.03929   0.01655  0.008904   0.06474        73       640    0.5296    0.6633    0.5561    0.3529   0.03491   0.01279   0.01219
    86/299     5.06G   0.03945    0.0165   0.00922   0.06516        86       640    0.5297    0.6639    0.5563     0.353   0.03491   0.01279   0.01219
    87/299     5.06G   0.03937   0.01647  0.009032   0.06488        62       640    0.5287    0.6654    0.5563     0.353   0.03491   0.01279   0.01218
    88/299     5.06G   0.03929   0.01657  0.009115   0.06497        76       640    0.5296     0.665    0.5561    0.3533   0.03491   0.01279    0.0122
    89/299     5.06G   0.03939   0.01647  0.008926   0.06479        74       640    0.5555    0.6342    0.5566    0.3531   0.03492   0.01279   0.01221
    90/299     5.06G   0.03908   0.01648  0.008851   0.06441        75       640    0.5564    0.6333    0.5566    0.3535   0.03493   0.01279   0.01224
    91/299     5.06G   0.03932   0.01655  0.009093   0.06497        71       640    0.5561    0.6342    0.5566    0.3536   0.03494   0.01278   0.01225
    92/299     5.06G   0.03915   0.01641  0.008747    0.0643        72       640    0.5495    0.6395    0.5567    0.3531   0.03493   0.01279   0.01225
    93/299     5.06G   0.03887   0.01634  0.008684    0.0639        72       640    0.5301    0.6623    0.5565    0.3532   0.03492   0.01279   0.01226
    94/299     5.06G   0.03881    0.0163  0.008676   0.06378        69       640    0.5536    0.6369    0.5563    0.3533   0.03493   0.01279   0.01227
    95/299     5.06G   0.03896    0.0164  0.008195   0.06355        76       640    0.5274    0.6655    0.5563    0.3535   0.03493   0.01278    0.0123
    96/299     5.06G   0.03917   0.01639   0.00838   0.06394        85       640    0.5292    0.6629    0.5571    0.3539   0.03494   0.01279   0.01233
    97/299     5.06G   0.03901   0.01647  0.008666   0.06415        83       640    0.5261    0.6668    0.5567    0.3539   0.03494   0.01279   0.01237
    98/299     5.06G   0.03882   0.01639  0.008447   0.06366        75       640    0.5249    0.6693    0.5567    0.3537   0.03494   0.01279   0.01239
    99/299     5.06G   0.03925   0.01655  0.009296   0.06509        74       640    0.5243    0.6715    0.5569    0.3533   0.03494   0.01279    0.0124
   100/299     5.06G   0.03916   0.01657  0.008842   0.06458       103       640    0.5323    0.6602     0.557    0.3534   0.03492   0.01279   0.01242
   101/299     5.06G   0.03896   0.01634  0.008695   0.06399        70       640    0.5289     0.665    0.5575    0.3534   0.03493   0.01279   0.01242
   102/299     5.06G   0.03877   0.01625  0.008411   0.06343        76       640    0.5591     0.634    0.5578    0.3538   0.03492   0.01279   0.01246
   103/299     5.06G   0.03913   0.01644  0.009103   0.06467        73       640     0.559    0.6332    0.5583    0.3539   0.03493   0.01279   0.01241
   104/299     5.06G   0.03875   0.01636  0.008246   0.06335        67       640    0.5644    0.6287    0.5582    0.3543   0.03492   0.01279    0.0124
   105/299     5.06G   0.03864   0.01627  0.008218   0.06313        77       640    0.5619    0.6299     0.558    0.3537   0.03492   0.01279   0.01239
   106/299     5.06G   0.03862   0.01627  0.007926   0.06281        79       640    0.5337    0.6607    0.5582    0.3541   0.03493   0.01279   0.01241
   107/299     5.06G    0.0384   0.01631  0.008079   0.06278        80       640    0.5581    0.6325    0.5583    0.3544   0.03494   0.01279   0.01243
   108/299     5.06G   0.03844   0.01619  0.008055   0.06269        76       640    0.5549    0.6354    0.5584    0.3545   0.03495    0.0128   0.01248
   109/299     5.06G   0.03862    0.0162   0.00795   0.06277        76       640    0.5645    0.6262    0.5587    0.3548   0.03495    0.0128    0.0125
   110/299     5.06G   0.03878   0.01632  0.008157   0.06326        75       640    0.5687    0.6244    0.5587    0.3548   0.03495    0.0128   0.01253
   111/299     5.06G    0.0384   0.01633  0.008196   0.06292        82       640    0.5646    0.6279    0.5589    0.3552   0.03496   0.01281   0.01257
   112/299     5.06G    0.0383   0.01607  0.007849   0.06223        70       640     0.551    0.6405    0.5587    0.3551   0.03497   0.01281   0.01261
   113/299     5.06G   0.03806   0.01617  0.007674    0.0619        65       640    0.5491    0.6439    0.5586    0.3551   0.03497   0.01281   0.01266
   114/299     5.06G   0.03816   0.01626  0.007907   0.06233        71       640    0.5476    0.6476    0.5589    0.3552   0.03498   0.01281   0.01269
   115/299     5.06G   0.03828    0.0162  0.007941   0.06242        79       640     0.547     0.647    0.5591    0.3555   0.03498   0.01281   0.01273
   116/299     5.06G   0.03821   0.01626  0.007958   0.06242        80       640    0.5447    0.6515    0.5596    0.3558   0.03497   0.01281   0.01277
   117/299     5.06G   0.03813   0.01617  0.007941   0.06224        79       640    0.5511    0.6437    0.5597    0.3562   0.03496   0.01281   0.01278
   118/299     5.06G   0.03857   0.01633  0.007953   0.06285        74       640    0.5504    0.6462    0.5596    0.3561   0.03495   0.01281   0.01281
   119/299     5.06G    0.0382   0.01616  0.007609   0.06197        70       640    0.5542    0.6433    0.5599    0.3559   0.03494   0.01281   0.01283
   120/299     5.06G   0.03826    0.0163  0.007989   0.06255        77       640    0.5531    0.6432    0.5601    0.3562   0.03494   0.01281   0.01287
   121/299     5.06G   0.03803   0.01619   0.00756   0.06179        82       640    0.5557    0.6392    0.5599    0.3559   0.03494   0.01281   0.01288
   122/299     5.06G   0.03804    0.0162   0.00761   0.06185        69       640    0.5665    0.6266     0.559    0.3555   0.03495   0.01281   0.01285
   123/299     5.06G   0.03783   0.01614  0.007194   0.06117        69       640    0.5708    0.6233    0.5593    0.3557   0.03496   0.01281   0.01287
   124/299     5.06G   0.03784    0.0161  0.007652   0.06159        72       640    0.5393    0.6544    0.5597    0.3561   0.03496   0.01282   0.01289
   125/299     5.06G   0.03776   0.01616  0.007337   0.06126        72       640    0.5629    0.6287      0.56    0.3559   0.03497   0.01282   0.01293
   126/299     5.06G   0.03794   0.01617  0.007292    0.0614        87       640    0.5394    0.6528    0.5602    0.3565   0.03497   0.01283   0.01295
   127/299     5.06G   0.03793   0.01611  0.007308   0.06135        72       640    0.5516     0.638    0.5602    0.3568   0.03497   0.01283   0.01296
   128/299     5.06G   0.03782   0.01613  0.007312   0.06127        66       640    0.5439    0.6463    0.5605    0.3562   0.03496   0.01283   0.01299
   129/299     5.06G   0.03797   0.01607  0.007563    0.0616        83       640    0.5691     0.621    0.5602     0.356   0.03496   0.01283   0.01302
   130/299     5.06G   0.03831   0.01625  0.007762   0.06232        75       640    0.5492    0.6403      0.56    0.3563   0.03495   0.01283   0.01306
   131/299     5.06G   0.03784   0.01608  0.007134   0.06105        80       640    0.5464    0.6442    0.5597    0.3565   0.03495   0.01284   0.01307
   132/299     5.06G   0.03777   0.01599  0.007384   0.06114        73       640    0.5536    0.6379    0.5597    0.3562   0.03495   0.01284   0.01311
   133/299     5.06G   0.03779   0.01603  0.007189   0.06101        77       640    0.5533    0.6374    0.5599    0.3565   0.03495   0.01284   0.01314
   134/299     5.06G   0.03783   0.01603    0.0073   0.06115        71       640    0.5475    0.6453    0.5601     0.357   0.03494   0.01285   0.01316
   135/299     5.06G   0.03789   0.01607  0.007643   0.06161        76       640    0.5387    0.6553    0.5599    0.3568   0.03494   0.01285   0.01315
   136/299     5.06G   0.03753   0.01601  0.007135   0.06068        69       640     0.543    0.6514      0.56    0.3569   0.03493   0.01286   0.01314
   137/299     5.06G   0.03751   0.01621   0.00718    0.0609        70       640    0.5423    0.6534    0.5603     0.357   0.03493   0.01286    0.0131
   138/299     5.06G   0.03762   0.01598  0.007264   0.06087        68       640    0.5361      0.66    0.5596    0.3567   0.03492   0.01286   0.01307
   139/299     5.06G   0.03785   0.01607  0.007116   0.06103        69       640    0.5309    0.6661    0.5594    0.3568   0.03492   0.01286   0.01302
   140/299     5.06G   0.03753   0.01598  0.007062   0.06057        90       640    0.5315    0.6669    0.5597    0.3567   0.03493   0.01286   0.01298
   141/299     5.06G   0.03721   0.01599   0.00687   0.06006        78       640    0.5371      0.66    0.5598    0.3568   0.03493   0.01286   0.01297
   142/299     5.06G    0.0376   0.01598  0.007295   0.06087        69       640    0.5398    0.6575      0.56    0.3569   0.03494   0.01287   0.01297
   143/299     5.06G   0.03726   0.01605  0.007298   0.06062        66       640    0.5467    0.6503    0.5598    0.3567   0.03495   0.01287   0.01297
   144/299     5.06G   0.03743   0.01599  0.007048   0.06046        85       640    0.5475     0.649    0.5598    0.3569   0.03496   0.01287   0.01299
   145/299     5.06G   0.03746     0.016  0.007379   0.06084        78       640    0.5454    0.6521    0.5592    0.3568   0.03496   0.01287   0.01301
   146/299     5.06G   0.03722   0.01599  0.006792   0.06001        69       640    0.5601    0.6385    0.5593    0.3566   0.03496   0.01288   0.01302
   147/299     5.06G    0.0374   0.01597  0.006865   0.06024        78       640    0.5451    0.6549    0.5596    0.3565   0.03496   0.01288   0.01303
   148/299     5.06G   0.03725   0.01596  0.006675   0.05989        71       640    0.5414    0.6592      0.56    0.3567   0.03496   0.01287   0.01304
   149/299     5.06G   0.03714   0.01604  0.006619    0.0598        76       640    0.5418    0.6599    0.5599    0.3568   0.03496   0.01288   0.01306
   150/299     5.06G   0.03729   0.01594  0.006649   0.05987        85       640    0.5626     0.637    0.5596    0.3567   0.03497   0.01288   0.01309
   151/299     5.06G   0.03711   0.01582  0.006614   0.05955        74       640    0.5395    0.6618    0.5594    0.3568   0.03497   0.01288   0.01314
   152/299     5.06G   0.03709   0.01588  0.006809   0.05978        71       640     0.549    0.6521    0.5593    0.3571   0.03497   0.01288   0.01318
   153/299     5.06G   0.03718   0.01594  0.006925   0.06005        78       640    0.5486    0.6528    0.5593    0.3569   0.03499   0.01288   0.01322
   154/299     5.06G   0.03721   0.01591  0.006743   0.05986        74       640    0.5513    0.6508    0.5594     0.357   0.03501   0.01288   0.01325
   155/299     5.06G    0.0374   0.01605  0.007037   0.06049        71       640    0.5503     0.651    0.5595    0.3573   0.03501   0.01288   0.01324
   156/299    0.696G   0.03713   0.01592  0.006543   0.05959        73       640     0.542    0.6591    0.5595    0.3573   0.03502   0.01288   0.01324
   157/299     4.68G   0.03689   0.01586  0.006523   0.05927        68       640    0.5483    0.6522    0.5596    0.3575   0.03503   0.01288   0.01329
   158/299     5.14G   0.03682   0.01581  0.006777    0.0594        77       640    0.5364    0.6648     0.559    0.3571   0.03505   0.01289   0.01335
   159/299     5.14G   0.03673   0.01575  0.006363   0.05885        74       640    0.5543    0.6442    0.5587     0.357   0.03507   0.01289   0.01339
   160/299     5.14G   0.03687   0.01589  0.006254   0.05901        74       640    0.5518    0.6491    0.5589    0.3565   0.03508   0.01289   0.01342
   161/299     5.14G   0.03685   0.01574  0.006338   0.05893        81       640    0.5555    0.6474    0.5598    0.3571   0.03509   0.01289   0.01347
   162/299     5.14G   0.03696   0.01586  0.006513   0.05933        76       640    0.5533    0.6499    0.5595    0.3573   0.03511   0.01289   0.01353
   163/299     5.14G    0.0367   0.01579  0.006385   0.05887        65       640    0.5635    0.6385    0.5595    0.3572   0.03512   0.01289   0.01358
   164/299     5.14G   0.03686   0.01575  0.006331   0.05894        74       640    0.5656    0.6371    0.5593    0.3569   0.03514    0.0129   0.01362
   165/299     5.14G   0.03676   0.01564  0.006236   0.05864        74       640    0.5661    0.6367    0.5593     0.357   0.03514    0.0129   0.01368
   166/299     5.14G    0.0366   0.01567  0.006131   0.05841        78       640    0.5493    0.6547    0.5595    0.3572   0.03514    0.0129   0.01373
   167/299     5.14G   0.03656    0.0158  0.006149    0.0585        76       640    0.5545    0.6482    0.5589    0.3571   0.03514   0.01291   0.01377
   168/299     5.14G   0.03654   0.01567  0.006367   0.05858        74       640     0.561     0.641    0.5592    0.3575   0.03514   0.01291   0.01379
   169/299     5.14G   0.03643   0.01563  0.006273   0.05833        96       640    0.5647    0.6372    0.5592    0.3567   0.03514   0.01292   0.01381
   170/299     5.14G   0.03665   0.01566  0.006208   0.05851        69       640     0.544    0.6587    0.5592    0.3573   0.03515   0.01292   0.01384
   171/299     5.14G   0.03644   0.01555  0.005991   0.05798        79       640    0.5433    0.6592    0.5589    0.3574   0.03516   0.01292   0.01386
   172/299     5.14G   0.03639   0.01562  0.006049   0.05806        77       640    0.5465    0.6581    0.5587    0.3572   0.03516   0.01292   0.01385
   173/299     5.14G   0.03634   0.01574  0.006062   0.05814        71       640    0.5564    0.6458    0.5591     0.358   0.03516   0.01292   0.01383
   174/299     5.14G    0.0364   0.01561  0.006336   0.05834        76       640    0.5539    0.6495    0.5594    0.3581   0.03517   0.01293   0.01382
   175/299     5.14G    0.0364    0.0156   0.00607   0.05807        76       640    0.5575    0.6451    0.5596    0.3581   0.03517   0.01293   0.01383
   176/299     5.14G   0.03634   0.01564  0.005909   0.05789        73       640    0.5562    0.6472    0.5599    0.3582   0.03519   0.01293   0.01384
   177/299     5.14G   0.03608   0.01541  0.005747   0.05724        77       640    0.5559    0.6477    0.5602    0.3586    0.0352   0.01293   0.01387
   178/299     5.14G    0.0362   0.01564  0.005984   0.05782        89       640    0.5623    0.6408    0.5603    0.3585   0.03521   0.01294   0.01393
   179/299     5.14G   0.03624   0.01562  0.005969   0.05783        84       640    0.5661    0.6376    0.5602    0.3588   0.03522   0.01294   0.01396
   180/299     5.14G   0.03596   0.01553  0.005941   0.05744        76       640    0.5614    0.6425    0.5604    0.3592   0.03524   0.01294     0.014
   181/299     5.14G   0.03612   0.01546  0.005916   0.05749        66       640    0.5654      0.64    0.5604    0.3591   0.03525   0.01295   0.01407
   182/299     5.14G   0.03615   0.01561   0.00607   0.05783        74       640    0.5705    0.6338      0.56    0.3591   0.03526   0.01295   0.01408
   183/299     5.14G   0.03604   0.01557  0.005853   0.05746        87       640    0.5706    0.6342    0.5602    0.3592   0.03527   0.01295   0.01413
   184/299     5.14G   0.03621   0.01554   0.00583   0.05759        70       640    0.5603    0.6444      0.56    0.3593   0.03528   0.01296   0.01417
   185/299     5.14G   0.03598   0.01548  0.005682   0.05715        74       640    0.5604    0.6436    0.5597    0.3594   0.03529   0.01296   0.01423
   186/299     5.14G   0.03592   0.01543  0.005548    0.0569        84       640    0.5644    0.6394      0.56    0.3595    0.0353   0.01296   0.01427
   187/299     5.14G   0.03565   0.01537  0.005611   0.05663        79       640    0.5635    0.6398    0.5597    0.3589   0.03532   0.01297   0.01434
   188/299     5.14G   0.03584   0.01545  0.005754   0.05705        80       640    0.5492    0.6543    0.5596    0.3589   0.03534   0.01298   0.01439
   189/299     5.14G   0.03582   0.01556  0.005572   0.05695        93       640    0.5586    0.6452    0.5602    0.3596   0.03535   0.01298   0.01441
   190/299     5.14G   0.03594   0.01563  0.005922    0.0575        74       640    0.5574    0.6485    0.5602    0.3593   0.03537   0.01298   0.01443
   191/299     5.14G   0.03594   0.01548   0.00579   0.05722        78       640    0.5595    0.6452    0.5599    0.3591   0.03539   0.01299   0.01445
   192/299     5.14G   0.03583    0.0155  0.005615   0.05695        75       640    0.5642    0.6403    0.5598    0.3593    0.0354   0.01299   0.01445
   193/299     5.14G    0.0358    0.0154   0.00556   0.05676        75       640    0.5615    0.6411    0.5596    0.3588   0.03542   0.01299   0.01445
   194/299     5.14G   0.03577   0.01549  0.005668   0.05692        74       640    0.5586    0.6434    0.5595     0.359   0.03543     0.013   0.01444
   195/299     5.14G   0.03584   0.01555  0.005677   0.05706        76       640    0.5577    0.6436    0.5593    0.3587   0.03544     0.013   0.01444
   196/299     5.14G   0.03561   0.01545  0.005352   0.05642        74       640    0.5768    0.6236     0.559    0.3588   0.03544   0.01301   0.01443
   197/299     5.14G   0.03541   0.01533  0.005756    0.0565        75       640    0.5642    0.6377    0.5593    0.3586   0.03546   0.01301   0.01444
   198/299     5.14G   0.03585   0.01542  0.005588   0.05685        77       640    0.5653    0.6358    0.5591    0.3584   0.03547   0.01302   0.01441
   199/299     5.14G   0.03549   0.01547  0.005531   0.05649        76       640    0.5637    0.6382    0.5588    0.3581   0.03548   0.01302   0.01441
   200/299     5.14G   0.03556   0.01546  0.005605   0.05663        77       640    0.5467    0.6566    0.5589    0.3584    0.0355   0.01302   0.01441
   201/299     5.14G   0.03537   0.01541  0.005334   0.05611        72       640    0.5731    0.6296    0.5584    0.3582   0.03551   0.01303    0.0144
   202/299     5.14G   0.03533   0.01519  0.005241   0.05576        76       640    0.5532    0.6482    0.5586    0.3577   0.03552   0.01304    0.0144
   203/299     5.14G   0.03576   0.01553  0.005656   0.05694        70       640    0.5657    0.6362    0.5586    0.3574   0.03553   0.01304   0.01441
   204/299     5.14G   0.03539   0.01532  0.005378   0.05609        72       640    0.5631    0.6399    0.5584    0.3574   0.03553   0.01305   0.01443
   205/299     5.14G   0.03543   0.01524  0.005157   0.05583        86       640     0.565    0.6387    0.5585    0.3574   0.03554   0.01306   0.01444
   206/299     5.14G    0.0353   0.01531  0.005205   0.05581       120       640    0.5683    0.6363    0.5586    0.3575   0.03553   0.01306   0.01443
   207/299     5.14G   0.03537   0.01534  0.005137   0.05585        69       640    0.5668    0.6373    0.5587    0.3576   0.03554   0.01307   0.01445
   208/299     5.14G   0.03534   0.01527  0.005305   0.05592        80       640    0.5604    0.6436    0.5589    0.3575   0.03555   0.01307   0.01446
   209/299     5.14G    0.0351   0.01537  0.005299   0.05576        86       640    0.5619     0.643    0.5587    0.3573   0.03556   0.01308   0.01444
   210/299     5.14G    0.0353   0.01519  0.005194   0.05569        73       640    0.5574    0.6475    0.5586    0.3577   0.03556   0.01308   0.01442
   211/299     5.14G   0.03548   0.01523  0.005297   0.05601        68       640    0.5546    0.6488    0.5583    0.3577   0.03557   0.01308   0.01442
   212/299     5.14G   0.03517   0.01528  0.005232   0.05567        80       640    0.5542    0.6478    0.5579    0.3576   0.03557   0.01309   0.01444
   213/299     5.14G   0.03498   0.01515   0.00524   0.05537        82       640    0.5611      0.64    0.5578    0.3573   0.03557   0.01309   0.01446
   214/299     5.14G   0.03524   0.01521  0.005107   0.05555        72       640    0.5653    0.6356    0.5574    0.3571   0.03557    0.0131   0.01449
   215/299     5.14G   0.03499   0.01527  0.004964   0.05522        67       640    0.5669    0.6345    0.5571    0.3568   0.03557    0.0131   0.01453
   216/299     5.14G   0.03517    0.0153  0.005117   0.05558        72       640    0.5676    0.6326    0.5567    0.3563   0.03558    0.0131    0.0146
   217/299     5.14G     0.035   0.01516  0.005108   0.05527        85       640    0.5414    0.6601    0.5566    0.3564   0.03557   0.01311   0.01467
   218/299     5.14G   0.03498    0.0152  0.005033   0.05522        77       640    0.5398    0.6627    0.5565    0.3565   0.03558   0.01312   0.01473
   219/299     5.14G   0.03506    0.0153  0.005205   0.05556        88       640    0.5599    0.6396    0.5564    0.3564   0.03559   0.01312   0.01478
   220/299     5.14G   0.03506   0.01528  0.005033   0.05537        75       640    0.5594    0.6412    0.5563    0.3563    0.0356   0.01313   0.01485
   221/299     5.14G   0.03487   0.01524  0.004978   0.05509        67       640    0.5521    0.6478     0.556    0.3562   0.03561   0.01314   0.01494
   222/299     5.14G   0.03488   0.01527  0.005032   0.05518        92       640    0.5549    0.6445    0.5561    0.3561   0.03563   0.01315   0.01504
   223/299     5.14G   0.03499    0.0152  0.005219   0.05541        77       640    0.5575    0.6416    0.5559    0.3564   0.03564   0.01315   0.01508
   224/299     5.14G   0.03491   0.01514  0.004881   0.05494        68       640    0.5479    0.6537    0.5561    0.3563   0.03564   0.01316   0.01512
   225/299     5.14G   0.03463   0.01519  0.005155   0.05498        86       640    0.5571    0.6428    0.5563    0.3567   0.03564   0.01316   0.01516
   226/299     5.14G   0.03455   0.01509  0.005027   0.05467        69       640    0.5533    0.6477    0.5565    0.3566   0.03565   0.01317   0.01524
   227/299     5.14G   0.03486   0.01516  0.005028   0.05505        87       640    0.5526    0.6479    0.5561    0.3564   0.03564   0.01318   0.01526
   228/299     5.14G   0.03478     0.015  0.004898   0.05468        71       640     0.549    0.6523    0.5562    0.3563   0.03564   0.01318    0.0153
   229/299     5.14G   0.03475   0.01511  0.004845   0.05471        93       640    0.5502    0.6505    0.5561    0.3565   0.03564   0.01319   0.01533
   230/299     5.14G    0.0349   0.01506   0.00479   0.05475        76       640    0.5483    0.6524     0.556    0.3566   0.03565    0.0132   0.01539
   231/299     5.14G    0.0348    0.0151  0.004849   0.05474        73       640    0.5551    0.6438    0.5557    0.3564   0.03565   0.01321   0.01544
   232/299     5.14G   0.03452   0.01498  0.004675   0.05418        85       640    0.5494    0.6522    0.5562    0.3566   0.03566   0.01322   0.01553
   233/299     5.14G   0.03468   0.01506  0.004847   0.05458        70       640    0.5444    0.6581    0.5561    0.3566   0.03567   0.01322   0.01563
   234/299     5.14G    0.0344   0.01505  0.004832   0.05427        77       640    0.5437    0.6592     0.556    0.3567   0.03568   0.01323   0.01572
   235/299     5.14G   0.03486   0.01508  0.004921   0.05486        77       640     0.549     0.653    0.5559    0.3566    0.0357   0.01324   0.01576
   236/299     5.14G   0.03441     0.015  0.004764   0.05417        71       640    0.5429    0.6611    0.5554     0.357   0.03571   0.01324   0.01577
   237/299     5.14G   0.03443   0.01498  0.004677   0.05408        96       640    0.5445    0.6576    0.5553    0.3568   0.03572   0.01324   0.01578
   238/299     5.14G   0.03432   0.01498  0.004545   0.05385        72       640    0.5475     0.653    0.5549    0.3565   0.03573   0.01325   0.01581
   239/299     5.14G   0.03459   0.01497  0.004714   0.05427        77       640    0.5527    0.6455    0.5547    0.3566   0.03574   0.01326   0.01588
   240/299     5.14G   0.03456     0.015  0.004694   0.05425        77       640    0.5499    0.6506    0.5541    0.3563   0.03576   0.01327   0.01596
   241/299     5.14G   0.03423   0.01497  0.004627   0.05382        73       640    0.5508    0.6488     0.554    0.3564   0.03577   0.01328   0.01604
   242/299     5.14G   0.03436   0.01488  0.004587   0.05383        86       640    0.5523    0.6479     0.554    0.3563   0.03578   0.01328   0.01608
   243/299     5.14G    0.0342   0.01486  0.004518   0.05359        62       640     0.549    0.6508    0.5541    0.3564   0.03579   0.01329   0.01614
   244/299     5.14G   0.03435   0.01501  0.004885   0.05424        76       640     0.548    0.6525    0.5537    0.3561   0.03579    0.0133   0.01622
   245/299     5.14G   0.03438   0.01493  0.004666   0.05397        74       640    0.5517    0.6486    0.5539    0.3559   0.03579    0.0133   0.01625
   246/299     5.14G   0.03404   0.01489  0.004429   0.05336        75       640    0.5693    0.6301     0.554    0.3561   0.03579   0.01331   0.01627
   247/299     5.14G   0.03447     0.015  0.004751   0.05422        71       640    0.5657    0.6337    0.5542    0.3562   0.03579   0.01331   0.01627
   248/299     5.14G    0.0343   0.01491  0.004583   0.05379        72       640    0.5591    0.6415    0.5542    0.3562   0.03579   0.01332   0.01626
   249/299     5.14G   0.03406   0.01481  0.004537   0.05341        72       640     0.558    0.6425    0.5539    0.3557   0.03578   0.01333   0.01624
   250/299     5.14G   0.03401    0.0148  0.004733   0.05354        69       640    0.5722    0.6273    0.5539    0.3559   0.03578   0.01334   0.01621
   251/299     5.14G   0.03421   0.01486  0.004511   0.05359        76       640    0.5676    0.6316    0.5538    0.3561   0.03577   0.01335   0.01622
   252/299     5.14G   0.03438   0.01487    0.0045   0.05375        85       640    0.5703     0.631    0.5543    0.3561   0.03576   0.01335    0.0162
   253/299     5.14G   0.03412   0.01492  0.004507   0.05355        83       640    0.5696    0.6293    0.5537     0.356   0.03576   0.01336   0.01622
   254/299     5.14G   0.03399   0.01486  0.004439   0.05329        75       640    0.5615    0.6371    0.5536    0.3557   0.03576   0.01337   0.01624
   255/299     5.14G   0.03397   0.01488  0.004573   0.05342        74       640    0.5731    0.6244    0.5534    0.3559   0.03576   0.01338   0.01625
   256/299     5.14G   0.03399   0.01486  0.004397   0.05325       103       640    0.5698    0.6281    0.5532    0.3559   0.03576   0.01339   0.01627
   257/299     5.14G     0.034   0.01471  0.004505   0.05321        70       640    0.5727    0.6263    0.5531    0.3555   0.03576   0.01339   0.01626
   258/299     5.14G   0.03379   0.01466  0.004333   0.05278        76       640    0.5492    0.6499     0.553    0.3555   0.03577   0.01339    0.0163
   259/299     5.14G   0.03427   0.01481  0.004685   0.05376        73       640    0.5612     0.639    0.5528    0.3559   0.03577    0.0134   0.01633
   260/299     5.14G   0.03384   0.01478  0.004392   0.05301        67       640    0.5631    0.6384    0.5531     0.356   0.03578    0.0134   0.01638
   261/299     5.14G   0.03398   0.01473  0.004463   0.05317        77       640    0.5678    0.6319    0.5524    0.3559   0.03578    0.0134   0.01638
   262/299     5.14G   0.03395   0.01478  0.004383   0.05311        79       640    0.5667    0.6332    0.5529    0.3556   0.03578   0.01341   0.01641
   263/299     5.14G    0.0337   0.01483  0.004616   0.05314        80       640    0.5559    0.6435     0.552    0.3555    0.0358   0.01342    0.0164
   264/299     5.14G   0.03381   0.01472  0.004442   0.05297        76       640    0.5579    0.6414    0.5518    0.3551   0.03582   0.01343   0.01644
   265/299     5.14G   0.03392   0.01469  0.004308   0.05292        76       640    0.5684    0.6301    0.5517    0.3555   0.03582   0.01343   0.01646
   266/299     5.14G   0.03406   0.01478  0.004458   0.05329        75       640    0.5684     0.631    0.5517    0.3554   0.03583   0.01344   0.01648
   267/299     5.14G   0.03369   0.01479  0.004468   0.05295        82       640    0.5696    0.6293    0.5521    0.3555   0.03584   0.01344   0.01649
   268/299     5.14G   0.03378   0.01459  0.004309   0.05268        70       640    0.5771    0.6229    0.5522    0.3555   0.03584   0.01344   0.01649
   269/299     5.14G   0.03362   0.01471  0.004335   0.05266        65       640    0.5779    0.6217    0.5524    0.3559   0.03584   0.01345    0.0165
   270/299     5.14G   0.03362   0.01477  0.004501    0.0529        71       640    0.5752    0.6243     0.552    0.3558   0.03584   0.01346   0.01655
   271/299     5.14G   0.03375    0.0147  0.004328   0.05278        79       640    0.5625    0.6381    0.5525     0.356   0.03584   0.01346   0.01658
   272/299     5.14G   0.03364   0.01476  0.004355   0.05275        80       640    0.5622    0.6384    0.5527    0.3559   0.03585   0.01346    0.0166
   273/299     5.14G   0.03345   0.01466  0.004363   0.05247        79       640    0.5769    0.6244    0.5526    0.3556   0.03586   0.01347   0.01664
   274/299     5.14G   0.03373   0.01472  0.004226   0.05268        74       640    0.5757    0.6255    0.5524    0.3556   0.03587   0.01347   0.01667
   275/299     5.14G    0.0336   0.01463  0.004273    0.0525        70       640    0.5725    0.6292    0.5519    0.3553   0.03588   0.01348   0.01671
   276/299     5.14G   0.03355   0.01473  0.004263   0.05255        77       640    0.5611    0.6397    0.5516    0.3551   0.03589   0.01349   0.01673
   277/299     5.14G   0.03343   0.01468  0.004275   0.05238        82       640    0.5634    0.6383    0.5513    0.3554   0.03591   0.01349   0.01678
   278/299     5.14G   0.03365   0.01473  0.004366   0.05274        69       640    0.5646    0.6371    0.5516    0.3552   0.03591    0.0135   0.01678
   279/299     5.14G   0.03342   0.01468  0.004217   0.05232        69       640    0.5601    0.6403    0.5513     0.355   0.03591    0.0135    0.0168
   280/299     5.14G   0.03355   0.01465  0.004424   0.05263        72       640    0.5791    0.6229    0.5513    0.3551   0.03591    0.0135   0.01682
   281/299     5.14G   0.03339    0.0147  0.004132   0.05222        72       640    0.5743    0.6265    0.5511    0.3557   0.03592   0.01351   0.01681
   282/299     5.14G   0.03352    0.0147  0.004232   0.05245        87       640    0.5788    0.6245    0.5509    0.3553   0.03592   0.01352   0.01681
   283/299    0.675G   0.03351    0.0147  0.004185    0.0524        73       640    0.5617    0.6405    0.5509    0.3554   0.03592   0.01352   0.01681
   284/299     4.75G   0.03335   0.01463  0.004117   0.05209        68       640    0.5633    0.6393    0.5512    0.3551   0.03592   0.01353   0.01682
   285/299     5.21G    0.0332   0.01457  0.004138    0.0519        77       640    0.5606    0.6398    0.5509    0.3552   0.03593   0.01353   0.01682
   286/299     5.21G    0.0332   0.01457  0.004133    0.0519        74       640    0.5567    0.6441    0.5509    0.3552   0.03593   0.01354   0.01685
   287/299     5.21G   0.03346   0.01471  0.004107   0.05228        74       640    0.5562    0.6438    0.5504    0.3549   0.03593   0.01355    0.0169
   288/299     5.21G   0.03342   0.01458  0.004035   0.05204        81       640    0.5464    0.6532    0.5502    0.3547   0.03595   0.01355   0.01692
   289/299     5.21G   0.03337   0.01464  0.004056   0.05207        76       640    0.5627    0.6346    0.5502    0.3543   0.03596   0.01355   0.01697
   290/299     5.21G   0.03321   0.01462  0.003962   0.05178        65       640    0.5714    0.6269    0.5498    0.3542   0.03598   0.01355     0.017
   291/299     5.21G   0.03351   0.01461  0.004201   0.05232        74       640    0.5596    0.6384    0.5501    0.3541   0.03599   0.01355   0.01699
   292/299     5.21G   0.03339   0.01452  0.004136   0.05204        74       640    0.5559    0.6449    0.5499    0.3546   0.03601   0.01355   0.01698
   293/299     5.21G   0.03331   0.01452  0.003897   0.05173        78       640    0.5549    0.6443    0.5498    0.3542   0.03603   0.01356   0.01702
   294/299     5.21G   0.03324    0.0146  0.003984   0.05182        76       640    0.5543    0.6465    0.5499    0.3544   0.03604   0.01356   0.01698
   295/299     5.21G   0.03312   0.01448  0.004094   0.05169        74       640    0.5527     0.647      0.55    0.3547   0.03605   0.01356   0.01698
   296/299     5.21G   0.03307   0.01447  0.004101   0.05165        96       640    0.5526    0.6469    0.5505    0.3548   0.03605   0.01356   0.01698
   297/299     5.21G   0.03316   0.01449  0.003939   0.05159        69       640    0.5564    0.6431    0.5499    0.3546   0.03607   0.01357   0.01701
   298/299     5.21G   0.03321   0.01442  0.003988   0.05162        79       640     0.557    0.6425    0.5495    0.3546   0.03608   0.01357   0.01704
   299/299     5.21G   0.03321   0.01452  0.004067    0.0518        77       640    0.5598    0.6397    0.5497    0.3547   0.03609   0.01358   0.01704
